$ANSIBLE_VAULT;1.1;AES256
62356133306231633033346465336465663862306564393533326664316535386533366462393535
3762663066346132336266643436363933623438653831370a383630343331636161623135303863
33653265353662616430326462666533383331376535396363303737613862306232363061356563
3665356163626365320a653462333963336333623838616435363832343539613264336663326338
33626562393432386536353435393566626166366435343037383562373835343338663762626130
37373239346238643136353338623837336631626165313864306238346433633139393864653239
31343538386335386264646137623530363761353263336236656331343661343362356137353063
66623834653865393530663339616262303861633763363038633333626133663335333635353335
31356237376434613833616564396430316332366463336534663866613338333836323938393964
64303533363866346636346435396631323065353337343938616439643737616432383237353332
31356166663465326433323264656333373165346136316262333863363933366234626664346665
64346165616231636563383738313736653032363737326161373031353030333264653537316165
33336361626131666561656331303365386237653935386535306465316235386530363137306237
39333064363939383535396166303331623666303663663930343465646133353832326264663734
61313831613136346430633830373164663264323966623963626463643764343836353931643134
63346261316131313630623738633334643230303439313536633730643933333234613530313930
31646130343837326261346138386534383233363765613135653362343931323062623938646263
30386234323031373061346462336639636630366438376138306530353139333334623134396366
37383032333338643665373762656163666663313361383531643131623136616662383763393937
66383662643163346438313237333733356537363236613732663037626338643563623965663232
34363236663664316639323266356366393966363866616633393937656662373664643030626563
33613463643730383433313866626661313465316339326538313261356166363133383139343631
65613438303833363639383531323962656433643638396664633335333030363839376232666235
63383931333061653337653861313537353334366364316632376461613735333437613539613032
34663238663434343661653463646237393863623663633437383330373032333431396335666635
64616335306161396666646162343762613534346130343836386630623737656566363638653339
32303534656536363137666335356134373561323538363462613937386132623431616631356262
35666530633639646361393062343466626561303235633161666434663665336339653534303862
34386236373234633539666537356135663765333330303532306335396536633534353438336462
64393531663237353735656639373236306562326662646238633061396363396534393036393164
34366432613037376565633531643862646233636564316538626462616530396636373936613232
31333732343632663032386336383432353039316163313936626335666236313333623462393238
38356162343837366336613761366561313438376238633139633135323435353231326162393131
66326333633432333038373734663364613265613130636636303133613433343266626136643930
30326162643633666332333632366366313439333164363536333362346565373836646566323061
33363561643762386139393361346336373131626335313736383463623463386166633466383338
33653663333637666137323830303065356135306531323232663265663939383137333035373466
64333233363938336635633335613732633666396261643462613362623333616639383135373338
66363062383635383634656236376161373162623966363130336230326536306339623730313031
63643133303462316566333065313931616331333436343064343636356638666435393138623935
35333338346639663161623937313039376537303139343063306265373737343337646231636530
62633866643430386233616639653964316635623366666434633939623464353339373836383932
32303339626432376133353139346235666235363835363761313339653336303830343438363565
33356662346633376434383739666333626563613138613730316632386434326362383933343566
35636164393961366336616438326564356638376665346130363031616562623231383032353563
35623730333337376665633162326335613633303831343463616462373031346536386637623133
66363538313630396335663030303137313932393061333639626137383939303732306530316431
34303863613936623833396235373737613537633165646531613039313732383165623537666331
30623731336566373865376364626332336264393165356162356239393433376230306462396638
38343465393934316530633830666464353936373964313536383232636262353732656436623431
38376564393637643665373661623938303631373232653039306635653834343033306234376337
33313562346564383263366334643563333231636632393830656231313730303366303933396239
33616162313134366235306562373563366230373230626431666636393531313735663661323661
35303932363830643363353034373236616631366131623935346561646233326530383261623331
38346462393264333937656635633933303730666162656463363565363931656332373332613838
36373265633231626239613163373839663562613764333736353461643137313164373438346665
33333330303436366338336233653535623863646434633833663962306534643661643539356666
64623338383630336132643033343263386430646338326536646135396334346538383263333366
33323265343365303131363234346464643237623566633235643933373530336438313631623936
31353239323261336561303130616532313761613638323666613333316163666361343263363064
34626236393734623563636135663465633863356331663466386237656537326435633638653934
64383834653230383637383431643861316538346431316330333235666536643935313665396663
63313961316530666632396632666231366336366666303462643537333464346430333433316433
31353834623364343836393062646663643339353866353437383561636664326164626565393839
62326336336236656436626431336664363064376137386666346265306562626639623938313234
32613331633362303466353236376433313465623232656530306637616134623930323566636163
30393766366638353539323262353230316134303735323563646536636662313866313466333561
37326632363233326261333433303862316266343363353765356434396136396334646534393434
61343132663861353366343337333039633963366663306565616437386533336265393839343137
39633364353136613034363930396630623666643962643863626636326232346363373736303735
36336666316636663132616463303836633335373935623432336436636366303865363133373561
63623330396630396264376263653764616534303464613463646238343861636536653966383866
30633130646131386133663434613133393266306463653939333364333364666338383965383337
35353733356166623839323730623036306235613365653535646632353865643962636165326432
34306233363363653632353863326435353538373865646531353135316333326162393066636139
39333330323265383933636464373134653163313930333562323038613531346631656166613338
39323263346630616239373033316232623936373238313935343438383561666563666433383765
62386137396633366236306262613237633136323361353564303936653034623238656366363037
30336237613237633530616534326638356361393937323261666537363837633036386135393961
37626262636437363936383964653665626661363731346139613132373163623132616633353335
66653735386233363662363835346130313038356132333863313634313034653638376634653631
66313665333564653262666562663932646436623365363436343362336431363538343637346533
65366666323866346639303238653065323938323565386562646634306231393563633065636633
65643961643639323737373332393235343766336638376233323166353537393938613138383264
34633832653162653538366631386339306136633134633862383436306162356235613935363931
61363931346439303165346630393566303139383263366234643263383162613137343439663363
38376433303531343563663364363361653831616432663338633731313935363064373266306664
31656435383161303162313534646330633235616664313036356364346132346234656566383635
32356631626534623039323562356161643536343731353331666130643137363835653430646563
31646465663763303739326131646137373062303536656531326362353633633365616238316530
34353734643965653730663939303235313633366233326262356335636662646466616435343663
65313331353636343639356636373830373663383236323864353130613566333036393963346463
62316138633633643430316265343837353663396335633135336633326536336462333230623062
62633430663539313330363331653436393362313761323864653232323164333864323161643364
34323333656334376465666235383436626664633631383430616430376639346364613232396431
34663165383864373062636361396530366533666532313534333366343037386231646333386233
34646662393561303961303731626663653136636537343236616532336463613065633934313064
61393763366635313039396164393633353330383537656336343662346164356238333964383636
61353132663930666366393662653433336539303263663364383035313338623761313764633764
33393236326434623031633338633631653863623964343434383930303663363238306332306464
35353133386361663039623232343035306162353061353862393163316136653739333462623934
37643636636633326566303230343464653666386134323033623135336638656232313431643639
62363233613465343563623430316337353636323762303032613665636533663663336133396330
37633131613134383164643262366537376461633365643336383334353131383661383266336131
34363431323139643635646438656264653935636630623532336661366232366338636463616230
36653339366565633166346439353761633337646139656333623830646631356630363136633562
30323061316361396661633831366465643366613433663163333633643664643664616661343538
31333739336131363462306131306238326538303266393535366639353331333732383165303963
37663764613463656336333635383231333734633765626134316434323538343066356631316466
38316163363835653437353632653531363739363235366663396462353838306331346137333163
66643236373938656261353465336163633130323634343264646436383864323164333161613032
39386438356438333834653738666237343761383135323462613437613263663432346132383034
39386232633531323039656538326563643238396532396335616434303737613363306166323363
32356536663365323931316331623433666261653030383335636565353464303661303366363738
36623436393630386335303130363233643362636336623230303730383662353633323962376561
62613432623738616533363066333862306535666530343732396531613062643436363932326461
35346437663938386133633533623232373537343334666433343437333732396665316633633536
39613130313165316563386165626333636236323664376334653565396633346536396562383038
65303836353239383837373039373833373262313836613336323437653230343430646362346362
37353330616138353532333430366631393030346230373235393132653035326666653265313531
34663435653763383535646339323132626534613863633737363561386661376338383239313333
36376337653539333430366335393431653839333736383438633766306465363363636162623163
35393163643734346433303963663031323361613435303765633164663066336164616538356338
31346439303737656466323939656264633134326330323663353738373030616332356166303465
65616265376137343934623935376332623965343330383865633961326338333961653535313439
61356263613030626136656431396430336238663762353230343437366233383530626337393038
33323337356531356534313930626138363431383563376538383562306464353736633465636564
61613663623765346561313735376436643561656333313066353135333165646262653039646238
30346366623933333162653335316432353134633537386263656134656536353965623737376638
36663962303561323238623232636166363466386536366137663431346265363365646639643865
37656134373565323864623332343737656162386335363866646633353163663039623766313432
38346364626534353939353564626437346230343736303833666338373833626136626264313165
31626332336231333136393438323965336234393365326163636432353936656534323763333835
30353032333434633537656439356662373336666336323533396363373038636332643437376334
32366436663431343038623532373866386266316530346137613335346264363665343136323666
66386238393263353039303765633436343962343432636632396463323433643032663934313164
6536
